     0.000000000
     0.029545156
     0.058982628
     0.088209819
     0.117129678
     0.145650705
     0.173686946
     0.201157995
     0.227988995
     0.254110634
     0.279459150
     0.303976327
     0.327609496
     0.350311536
     0.372040872
     0.392761476
     0.412442868
     0.431060114
     0.448593826
     0.465030163
     0.480360833
     0.494583088
     0.507699728
     0.519719099
     0.530655093
     0.540527151
     0.549360259
     0.557184950
     0.564037305
     0.569958950
     0.574997059
     0.579204354
     0.582639103
     0.585365122
     0.587451773
     0.588973967
     0.590012162
     0.590652364
     0.590986128
     0.591110554
     0.591128293
real
