     0.000000000
     0.007390565
     0.014779410
     0.022164833
     0.029545156
     0.036918722
     0.044283895
     0.051639061
     0.058982628
     0.066313025
     0.073628704
     0.080928137
     0.088209819
     0.095472265
     0.102714014
     0.109933624
     0.117129678
     0.124300778
     0.131445548
     0.138562634
     0.145650705
     0.152708450
     0.159734579
     0.166727826
     0.173686946
     0.180610714
     0.187497928
     0.194347408
     0.201157995
     0.207928552
     0.214657963
     0.221345135
     0.227988995
     0.234588493
     0.241142599
     0.247650308
     0.254110634
     0.260522612
     0.266885301
     0.273197780
     0.279459150
     0.285668535
     0.291825078
     0.297927946
     0.303976327
     0.309969431
     0.315906488
     0.321786751
     0.327609496
     0.333374018
     0.339079636
     0.344725688
     0.350311536
     0.355836563
     0.361300174
     0.366701794
     0.372040872
     0.377316877
     0.382529300
     0.387677655
     0.392761476
     0.397780319
     0.402733762
     0.407621405
     0.412442868
     0.417197795
     0.421885851
     0.426506721
     0.431060114
     0.435545758
     0.439963406
     0.444312831
     0.448593826
     0.452806208
     0.456949815
     0.461024506
     0.465030163
     0.468966689
     0.472834009
     0.476632067
     0.480360833
     0.484020297
     0.487610468
     0.491131380
     0.494583088
     0.497965669
     0.501279219
     0.504523858
     0.507699728
     0.510806992
     0.513845834
     0.516816460
     0.519719099
     0.522553999
     0.525321433
     0.528021693
     0.530655093
     0.533221970
     0.535722682
     0.538157609
     0.540527151
     0.542831731
     0.545071795
     0.547247808
     0.549360259
     0.551409656
     0.553396531
     0.555321438
     0.557184950
     0.558987664
     0.560730198
     0.562413191
     0.564037305
     0.565603222
     0.567111647
     0.568563307
     0.569958950
     0.571299344
     0.572585281
     0.573817575
     0.574997059
     0.576124590
     0.577201047
     0.578227327
     0.579204354
     0.580133069
     0.581014438
     0.581849447
     0.582639103
     0.583384437
     0.584086499
     0.584746362
     0.585365122
     0.585943894
     0.586483816
     0.586986049
     0.587451773
     0.587882191
     0.588278528
     0.588642031
     0.588973967
     0.589275626
     0.589548319
     0.589793379
     0.590012162
     0.590206043
     0.590376420
     0.590524714
     0.590652364
     0.590760836
     0.590851612
     0.590926200
     0.590986128
     0.591032945
     0.591068222
     0.591093554
     0.591110554
     0.591120859
     0.591126127
     0.591128038
     0.591128293
real
