     0.000000000
     0.001182535
     0.002365064
     0.003547578
     0.004730070
     0.005912535
     0.007094964
     0.008277351
     0.009459688
     0.010641970
     0.011824187
     0.013006335
     0.014188405
     0.015370392
     0.016552287
     0.017734084
     0.018915776
     0.020097357
     0.021278818
     0.022460155
     0.023641359
     0.024822424
     0.026003343
     0.027184109
     0.028364716
     0.029545156
     0.030725424
     0.031905511
     0.033085412
     0.034265120
     0.035444628
     0.036623930
     0.037803018
     0.038981886
     0.040160528
     0.041338937
     0.042517106
     0.043695028
     0.044872698
     0.046050108
     0.047227252
     0.048404123
     0.049580716
     0.050757022
     0.051933037
     0.053108753
     0.054284164
     0.055459263
     0.056634045
     0.057808502
     0.058982628
     0.060156418
     0.061329863
     0.062502958
     0.063675698
     0.064848074
     0.066020082
     0.067191715
     0.068362965
     0.069533829
     0.070704297
     0.071874366
     0.073044028
     0.074213277
     0.075382107
     0.076550512
     0.077718485
     0.078886021
     0.080053113
     0.081219755
     0.082385941
     0.083551665
     0.084716921
     0.085881703
     0.087046004
     0.088209819
     0.089373141
     0.090535965
     0.091698284
     0.092860093
     0.094021385
     0.095182155
     0.096342396
     0.097502104
     0.098661270
     0.099819891
     0.100977959
     0.102135470
     0.103292416
     0.104448793
     0.105604595
     0.106759815
     0.107914447
     0.109068487
     0.110221928
     0.111374765
     0.112526991
     0.113678601
     0.114829589
     0.115979950
     0.117129678
     0.118278767
     0.119427211
     0.120575006
     0.121722144
     0.122868621
     0.124014430
     0.125159567
     0.126304026
     0.127447801
     0.128590887
     0.129733277
     0.130874967
     0.132015951
     0.133156224
     0.134295779
     0.135434613
     0.136572718
     0.137710090
     0.138846723
     0.139982612
     0.141117751
     0.142252136
     0.143385760
     0.144518618
     0.145650705
     0.146782016
     0.147912545
     0.149042287
     0.150171237
     0.151299389
     0.152426738
     0.153553279
     0.154679008
     0.155803917
     0.156928003
     0.158051260
     0.159173682
     0.160295265
     0.161416005
     0.162535894
     0.163654929
     0.164773104
     0.165890414
     0.167006855
     0.168122420
     0.169237105
     0.170350906
     0.171463816
     0.172575831
     0.173686946
     0.174797156
     0.175906456
     0.177014841
     0.178122306
     0.179228846
     0.180334457
     0.181439133
     0.182542870
     0.183645662
     0.184747505
     0.185848394
     0.186948324
     0.188047291
     0.189145289
     0.190242314
     0.191338361
     0.192433425
     0.193527502
     0.194620586
     0.195712674
     0.196803760
     0.197893840
     0.198982908
     0.200070962
     0.201157995
     0.202244004
     0.203328983
     0.204412928
     0.205495834
     0.206577697
     0.207658512
     0.208738275
     0.209816982
     0.210894627
     0.211971207
     0.213046716
     0.214121150
     0.215194505
     0.216266777
     0.217337961
     0.218408052
     0.219477047
     0.220544940
     0.221611728
     0.222677406
     0.223741969
     0.224805414
     0.225867736
     0.226928931
     0.227988995
     0.229047922
     0.230105710
     0.231162354
     0.232217849
     0.233272192
     0.234325377
     0.235377402
     0.236428262
     0.237477952
     0.238526469
     0.239573808
     0.240619965
     0.241664937
     0.242708719
     0.243751307
     0.244792697
     0.245832885
     0.246871866
     0.247909638
     0.248946195
     0.249981535
     0.251015653
     0.252048544
     0.253080206
     0.254110634
     0.255139824
     0.256167773
     0.257194476
     0.258219929
     0.259244130
     0.260267073
     0.261288756
     0.262309174
     0.263328323
     0.264346199
     0.265362800
     0.266378121
     0.267392159
     0.268404909
     0.269416368
     0.270426533
     0.271435399
     0.272442963
     0.273449222
     0.274454171
     0.275457807
     0.276460127
     0.277461126
     0.278460802
     0.279459150
     0.280456167
     0.281451850
     0.282446196
     0.283439199
     0.284430858
     0.285421168
     0.286410126
     0.287397729
     0.288383974
     0.289368855
     0.290352371
     0.291334518
     0.292315293
     0.293294692
     0.294272712
     0.295249349
     0.296224601
     0.297198463
     0.298170933
     0.299142007
     0.300111682
     0.301079955
     0.302046822
     0.303012281
     0.303976327
     0.304938958
     0.305900171
     0.306859963
     0.307818330
     0.308775269
     0.309730777
     0.310684852
     0.311637489
     0.312588685
     0.313538439
     0.314486746
     0.315433603
     0.316379008
     0.317322958
     0.318265449
     0.319206479
     0.320146045
     0.321084143
     0.322020770
     0.322955925
     0.323889603
     0.324821802
     0.325752519
     0.326681752
     0.327609496
     0.328535750
     0.329460511
     0.330383775
     0.331305541
     0.332225805
     0.333144564
     0.334061816
     0.334977558
     0.335891787
     0.336804500
     0.337715695
     0.338625370
     0.339533520
     0.340440145
     0.341345240
     0.342248805
     0.343150835
     0.344051328
     0.344950282
     0.345847694
     0.346743561
     0.347637882
     0.348530653
     0.349421872
     0.350311536
     0.351199643
     0.352086191
     0.352971176
     0.353854598
     0.354736452
     0.355616737
     0.356495451
     0.357372590
     0.358248153
     0.359122136
     0.359994539
     0.360865358
     0.361734592
     0.362602237
     0.363468292
     0.364332754
     0.365195621
     0.366056891
     0.366916561
     0.367774630
     0.368631095
     0.369485954
     0.370339204
     0.371190844
     0.372040872
     0.372889285
     0.373736081
     0.374581258
     0.375424813
     0.376266746
     0.377107054
     0.377945735
     0.378782786
     0.379618206
     0.380451993
     0.381284144
     0.382114658
     0.382943533
     0.383770767
     0.384596357
     0.385420303
     0.386242601
     0.387063251
     0.387882250
     0.388699597
     0.389515289
     0.390329325
     0.391141702
     0.391952420
     0.392761476
     0.393568869
     0.394374596
     0.395178656
     0.395981048
     0.396781769
     0.397580818
     0.398378193
     0.399173893
     0.399967916
     0.400760259
     0.401550922
     0.402339903
     0.403127200
     0.403912812
     0.404696737
     0.405478973
     0.406259520
     0.407038374
     0.407815536
     0.408591003
     0.409364774
     0.410136848
     0.410907222
     0.411675896
     0.412442868
     0.413208137
     0.413971700
     0.414733558
     0.415493708
     0.416252149
     0.417008880
     0.417763899
     0.418517205
     0.419268797
     0.420018674
     0.420766833
     0.421513275
     0.422257997
     0.423000998
     0.423742278
     0.424481835
     0.425219667
     0.425955774
     0.426690154
     0.427422807
     0.428153730
     0.428882924
     0.429610386
     0.430336117
     0.431060114
     0.431782376
     0.432502903
     0.433221694
     0.433938747
     0.434654061
     0.435367636
     0.436079471
     0.436789564
     0.437497915
     0.438204522
     0.438909385
     0.439612502
     0.440313874
     0.441013498
     0.441711375
     0.442407503
     0.443101881
     0.443794509
     0.444485385
     0.445174510
     0.445861882
     0.446547500
     0.447231364
     0.447913473
     0.448593826
     0.449272422
     0.449949261
     0.450624342
     0.451297665
     0.451969228
     0.452639032
     0.453307075
     0.453973357
     0.454637877
     0.455300634
     0.455961629
     0.456620860
     0.457278328
     0.457934031
     0.458587968
     0.459240141
     0.459890547
     0.460539186
     0.461186059
     0.461831164
     0.462474501
     0.463116070
     0.463755870
     0.464393902
     0.465030163
     0.465664656
     0.466297377
     0.466928329
     0.467557509
     0.468184919
     0.468810557
     0.469434423
     0.470056518
     0.470676840
     0.471295390
     0.471912167
     0.472527171
     0.473140403
     0.473751861
     0.474361546
     0.474969457
     0.475575595
     0.476179959
     0.476782548
     0.477383365
     0.477982407
     0.478579675
     0.479175168
     0.479768888
     0.480360833
     0.480951005
     0.481539402
     0.482126025
     0.482710873
     0.483293948
     0.483875249
     0.484454775
     0.485032528
     0.485608507
     0.486182713
     0.486755145
     0.487325803
     0.487894689
     0.488461802
     0.489027141
     0.489590709
     0.490152504
     0.490712526
     0.491270777
     0.491827256
     0.492381964
     0.492934901
     0.493486067
     0.494035463
     0.494583088
     0.495128944
     0.495673031
     0.496215349
     0.496755898
     0.497294678
     0.497831691
     0.498366937
     0.498900416
     0.499432129
     0.499962075
     0.500490256
     0.501016672
     0.501541324
     0.502064212
     0.502585336
     0.503104698
     0.503622297
     0.504138135
     0.504652212
     0.505164529
     0.505675085
     0.506183883
     0.506690922
     0.507196204
     0.507699728
     0.508201496
     0.508701509
     0.509199766
     0.509696269
     0.510191019
     0.510684016
     0.511175262
     0.511664756
     0.512152500
     0.512638495
     0.513122741
     0.513605240
     0.514085991
     0.514564997
     0.515042258
     0.515517775
     0.515991548
     0.516463579
     0.516933869
     0.517402419
     0.517869230
     0.518334302
     0.518797637
     0.519259235
     0.519719099
     0.520177228
     0.520633624
     0.521088288
     0.521541222
     0.521992425
     0.522441900
     0.522889648
     0.523335669
     0.523779965
     0.524222537
     0.524663386
     0.525102514
     0.525539922
     0.525975610
     0.526409581
     0.526841835
     0.527272373
     0.527701198
     0.528128310
     0.528553711
     0.528977402
     0.529399384
     0.529819659
     0.530238229
     0.530655093
     0.531070255
     0.531483715
     0.531895475
     0.532305536
     0.532713900
     0.533120568
     0.533525542
     0.533928823
     0.534330413
     0.534730314
     0.535128526
     0.535525051
     0.535919892
     0.536313050
     0.536704525
     0.537094321
     0.537482438
     0.537868878
     0.538253643
     0.538636735
     0.539018155
     0.539397905
     0.539775986
     0.540152401
     0.540527151
     0.540900238
     0.541271664
     0.541641430
     0.542009538
     0.542375991
     0.542740790
     0.543103937
     0.543465433
     0.543825281
     0.544183483
     0.544540039
     0.544894954
     0.545248227
     0.545599862
     0.545949860
     0.546298223
     0.546644953
     0.546990053
     0.547333523
     0.547675368
     0.548015587
     0.548354184
     0.548691160
     0.549026518
     0.549360259
     0.549692386
     0.550022901
     0.550351806
     0.550679104
     0.551004796
     0.551328884
     0.551651372
     0.551972260
     0.552291552
     0.552609249
     0.552925354
     0.553239869
     0.553552797
     0.553864139
     0.554173899
     0.554482077
     0.554788678
     0.555093702
     0.555397153
     0.555699033
     0.555999344
     0.556298089
     0.556595270
     0.556890889
     0.557184950
     0.557477454
     0.557768404
     0.558057803
     0.558345652
     0.558631956
     0.558916715
     0.559199933
     0.559481613
     0.559761756
     0.560040365
     0.560317444
     0.560592994
     0.560867020
     0.561139521
     0.561410503
     0.561679967
     0.561947917
     0.562214354
     0.562479281
     0.562742702
     0.563004619
     0.563265035
     0.563523953
     0.563781375
     0.564037305
     0.564291744
     0.564544697
     0.564796165
     0.565046152
     0.565294661
     0.565541694
     0.565787254
     0.566031345
     0.566273970
     0.566515130
     0.566754830
     0.566993072
     0.567229859
     0.567465195
     0.567699082
     0.567931523
     0.568162522
     0.568392081
     0.568620203
     0.568846893
     0.569072152
     0.569295984
     0.569518392
     0.569739380
     0.569958950
     0.570177105
     0.570393849
     0.570609186
     0.570823117
     0.571035647
     0.571246779
     0.571456516
     0.571664861
     0.571871818
     0.572077389
     0.572281580
     0.572484391
     0.572685828
     0.572885893
     0.573084590
     0.573281922
     0.573477892
     0.573672504
     0.573865762
     0.574057669
     0.574248228
     0.574437444
     0.574625318
     0.574811855
     0.574997059
     0.575180933
     0.575363480
     0.575544704
     0.575724609
     0.575903198
     0.576080475
     0.576256444
     0.576431108
     0.576604471
     0.576776536
     0.576947307
     0.577116788
     0.577284983
     0.577451896
     0.577617529
     0.577781887
     0.577944974
     0.578106793
     0.578267348
     0.578426643
     0.578584682
     0.578741469
     0.578897007
     0.579051301
     0.579204354
     0.579356170
     0.579506753
     0.579656108
     0.579804237
     0.579951145
     0.580096836
     0.580241314
     0.580384583
     0.580526647
     0.580667510
     0.580807175
     0.580945648
     0.581082932
     0.581219031
     0.581353949
     0.581487691
     0.581620260
     0.581751660
     0.581881897
     0.582010974
     0.582138894
     0.582265663
     0.582391285
     0.582515764
     0.582639103
     0.582761308
     0.582882382
     0.583002330
     0.583121157
     0.583238865
     0.583355461
     0.583470948
     0.583585330
     0.583698612
     0.583810798
     0.583921893
     0.584031901
     0.584140826
     0.584248673
     0.584355447
     0.584461151
     0.584565791
     0.584669370
     0.584771894
     0.584873367
     0.584973793
     0.585073177
     0.585171523
     0.585268837
     0.585365122
     0.585460383
     0.585554625
     0.585647853
     0.585740071
     0.585831284
     0.585921496
     0.586010713
     0.586098939
     0.586186178
     0.586272436
     0.586357716
     0.586442025
     0.586525366
     0.586607745
     0.586689166
     0.586769635
     0.586849155
     0.586927732
     0.587005371
     0.587082076
     0.587157853
     0.587232706
     0.587306640
     0.587379661
     0.587451773
     0.587522981
     0.587593290
     0.587662705
     0.587731231
     0.587798873
     0.587865637
     0.587931527
     0.587996548
     0.588060705
     0.588124004
     0.588186449
     0.588248046
     0.588308800
     0.588368716
     0.588427799
     0.588486054
     0.588543487
     0.588600102
     0.588655906
     0.588710902
     0.588765097
     0.588818496
     0.588871104
     0.588922926
     0.588973967
     0.589024233
     0.589073729
     0.589122461
     0.589170434
     0.589217653
     0.589264124
     0.589309852
     0.589354843
     0.589399101
     0.589442633
     0.589485443
     0.589527538
     0.589568923
     0.589609603
     0.589649584
     0.589688871
     0.589727470
     0.589765387
     0.589802626
     0.589839194
     0.589875097
     0.589910339
     0.589944927
     0.589978866
     0.590012162
     0.590044820
     0.590076847
     0.590108247
     0.590139027
     0.590169192
     0.590198748
     0.590227701
     0.590256057
     0.590283821
     0.590310999
     0.590337598
     0.590363622
     0.590389077
     0.590413971
     0.590438307
     0.590462093
     0.590485335
     0.590508037
     0.590530206
     0.590551849
     0.590572970
     0.590593576
     0.590613673
     0.590633267
     0.590652364
     0.590670970
     0.590689091
     0.590706733
     0.590723902
     0.590740605
     0.590756846
     0.590772633
     0.590787972
     0.590802869
     0.590817329
     0.590831359
     0.590844966
     0.590858155
     0.590870932
     0.590883305
     0.590895278
     0.590906859
     0.590918054
     0.590928868
     0.590939309
     0.590949382
     0.590959094
     0.590968452
     0.590977461
     0.590986128
     0.590994459
     0.591002461
     0.591010140
     0.591017502
     0.591024555
     0.591031304
     0.591037756
     0.591043918
     0.591049795
     0.591055395
     0.591060723
     0.591065787
     0.591070594
     0.591075149
     0.591079459
     0.591083531
     0.591087371
     0.591090986
     0.591094383
     0.591097568
     0.591100549
     0.591103331
     0.591105921
     0.591108327
     0.591110554
     0.591112610
     0.591114501
     0.591116234
     0.591117816
     0.591119254
     0.591120555
     0.591121724
     0.591122770
     0.591123699
     0.591124517
     0.591125233
     0.591125852
     0.591126381
     0.591126828
     0.591127200
     0.591127503
     0.591127744
     0.591127930
     0.591128069
     0.591128167
     0.591128231
     0.591128269
     0.591128287
     0.591128293
     0.591128293
