     0.000000000
     0.014779410
     0.029545156
     0.044283895
     0.058982628
     0.073628704
     0.088209819
     0.102714014
     0.117129678
     0.131445548
     0.145650705
     0.159734579
     0.173686946
     0.187497928
     0.201157995
     0.214657963
     0.227988995
     0.241142599
     0.254110634
     0.266885301
     0.279459150
     0.291825078
     0.303976327
     0.315906488
     0.327609496
     0.339079636
     0.350311536
     0.361300174
     0.372040872
     0.382529300
     0.392761476
     0.402733762
     0.412442868
     0.421885851
     0.431060114
     0.439963406
     0.448593826
     0.456949815
     0.465030163
     0.472834009
     0.480360833
     0.487610468
     0.494583088
     0.501279219
     0.507699728
     0.513845834
     0.519719099
     0.525321433
     0.530655093
     0.535722682
     0.540527151
     0.545071795
     0.549360259
     0.553396531
     0.557184950
     0.560730198
     0.564037305
     0.567111647
     0.569958950
     0.572585281
     0.574997059
     0.577201047
     0.579204354
     0.581014438
     0.582639103
     0.584086499
     0.585365122
     0.586483816
     0.587451773
     0.588278528
     0.588973967
     0.589548319
     0.590012162
     0.590376420
     0.590652364
     0.590851612
     0.590986128
     0.591068222
     0.591110554
     0.591126127
     0.591128293
real
